19 13
1 1 1 1 1 1 1 1 1 1 1 1 1 1 1 1 1 1 1
1 0 0 0 0 2 0 0 0 0 1 1 1 1 1 1 1 1 1
1 0 1 2 1 0 1 0 1 0 1 1 1 1 1 1 1 1 1
1 0 0 0 0 0 2 0 0 0 1 1 1 1 1 1 1 1 1
1 0 1 0 1 0 1 0 1 0 1 1 1 1 1 1 1 1 1
1 0 2 2 0 0 0 0 0 2 1 1 1 1 1 1 1 1 1
1 2 1 0 1 0 1 0 1 0 1 1 1 1 1 1 1 1 1
1 2 0 0 2 2 2 0 0 0 1 1 1 1 1 1 1 1 1
1 0 1 2 1 0 1 0 1 0 1 1 1 1 1 1 1 1 1
1 2 2 0 0 0 0 0 0 0 1 1 1 1 1 1 1 1 1
1 2 1 2 1 0 1 0 1 0 1 1 1 1 1 1 1 1 1
1 0 2 2 2 0 0 0 0 3 1 1 1 1 1 1 1 1 1
1 1 1 1 1 1 1 1 1 1 1 1 1 1 1 1 1 1 1
1 1 8
9 9
9 3
7 11
7 5
5 9
9 7
5 5
7 1
